%YAML:1.0
---
Intrinsic_camera_matrix: !!opencv-matrix
   rows: 3
   cols: 3
   dt: d
   data: [ 7.4854689165013406e+02, 0., 2.2280949417316273e+02, 0.,
       7.3123305330440667e+02, 2.3395637256858396e+02, 0., 0., 1. ]
distortion_coefficients: !!opencv-matrix
   rows: 1
   cols: 5
   dt: d
   data: [ 2.7778082135886994e-01, -3.4072497373346727e-01,
       -3.9032256874999374e-04, -7.4812591081861224e-02,
       9.5297354053328120e-02 ]
reprojection_error: 2.4809901174618361e+00
